0
1
2
2
3
4
7
7
11
24
24
24
25
25
25
27
38
38
39
39
40
44
45
45
47
48
53
56
57
64
66
71
71
75
75
77
79
79
80
82
82
86
92
97
98
99
103
110
119
122
122
123
123
126
127
127
127
128
130
136
136
141
142
142
143
144
149
150
151
154
154
154
157
158
164
167
173
176
176
176
183
189
191
192
192
193
194
195
197
197
199
200
204
206
209
211
217
219
225
227
228
229
230
231
232
234
242
244
250
250
258
263
267
268
268
268
270
270
270
274
279
281
282
285
287
288
290
292
294
294
295
295
301
304
304
308
310
313
316
316
321
325
325
327
329
331
333
337
339
340
341
341
341
342
343
344
345
348
348
348
349
349
351
351
353
355
356
356
358
360
360
363
364
364
366
371
371
374
376
379
379
381
381
382
387
388
389
389
389
390
391
392
392
396
397
399
401
401
402
404
405
406
406
407
409
412
413
416
420
426
427
430
432
435
436
439
442
443
444
445
448
455
457
458
459
460
460
461
465
468
468
469
470
472
472
477
480
482
483
484
484
486
488
489
490
494
494
496
497
498
498
500
500
503
506
507
507
508
508
508
509
511
514
514
516
516
516
516
516
516
516
517
517
525
528
529
530
532
532
532
534
534
536
537
538
538
538
540
540
543
543
544
545
548
550
550
551
552
552
555
556
557
557
559
563
563
563
564
565
568
569
570
570
573
575
576
576
576
577
578
579
582
582
583
584
585
586
587
588
590
591
592
592
595
598
599
599
600
601
607
610
612
612
612
612
620
620
624
630
633
634
635
636
636
637
641
641
645
647
649
649
650
650
651
651
651
652
652
656
658
658
660
662
663
665
665
669
671
671
674
674
677
677
678
678
680
681
684
685
690
690
694
694
697
699
700
700
702
702
703
703
704
705
706
709
710
712
712
714
717
721
722
726
726
728
730
733
736
737
737
738
744
744
749
753
754
757
759
763
770
770
771
772
775
777
778
780
781
781
781
783
784
786
786
788
789
792
795
796
796
797
798
800
802
804
806
806
809
809
811
816
818
818
819
821
823
826
828
829
829
829
829
830
832
834
834
835
838
840
840
842
846
846
846
854
855
857
857
860
861
863
863
874
875
877
881
882
884
887
889
893
901
901
903
904
905
905
909
910
910
912
913
913
913
915
915
915
920
920
921
924
926
929
933
933
937
939
940
941
946
950
951
953
954
956
959
961
963
964
966
967
967
971
972
974
977
978
978
979
983
984
984
988
990
991
992
994
995
996
999
1000
1003
1003
1004
1005
1006
1007
1012
1012
1014
1015
1016
1018
1021
1024
1027
1029
1029
1031
1031
1031
1032
1032
1033
1034
1034
1034
1034
1036
1039
1041
1041
1042
1046
1050
1051
1052
1052
1054
1055
1056
1056
1058
1062
1062
1064
1070
1071
1072
1075
1078
1080
1082
1088
1093
1093
1093
1094
1095
1095
1097
1098
1098
1099
1099
1100
1107
1107
1107
1107
1107
1107
1107
1107
1108
1111
1113
1117
1120
1120
1120
1122
1126
1128
1130
1131
1131
1133
1133
1135
1138
1140
1141
1146
1147
1148
1154
1156
1156
1160
1161
1165
1165
1168
1171
1173
1174
1177
1183
1184
1187
1187
1187
1187
1188
1189
1189
1189
1193
1195
1197
1197
1198
1199
1201
1203
1203
1210
1212
1214
1214
1217
1218
1221
1222
1223
1224
1225
1226
1227
1228
1228
1229
1231
1231
1233
1233
1234
1235
1237
1237
1239
1239
1239
1240
1242
1242
1244
1247
1248
1249
1250
1251
1251
1251
1252
1253
1254
1255
1259
1261
1263
1265
1267
1268
1269
1270
1271
1272
1272
1273
1273
1273
1274
1275
1275
1275
1280
1281
1285
1287
1287
1287
1288
1290
1293
1294
1295
1295
1301
1302
1303
1303
1304
1306
1308
1315
1315
1317
1323
1324
1324
1325
1326
1328
1330
1336
1336
1337
1337
1340
1341
1342
1345
1346
1347
1350
1353
1356
1359
1360
1360
1360
1364
1365
1368
1371
1372
1374
1375
1376
1376
1376
1381
1386
1386
1386
1387
1387
1391
1392
1394
1395
1396
1397
1398
1398
1406
1410
1415
1416
1417
1424
1424
1427
1430
1430
1431
1431
1436
1436
1439
1443
1443
1443
1444
1446
1446
1447
1449
1451
1452
1452
1456
1456
1456
1456
1457
1462
1464
1464
1469
1471
1472
1477
1478
1479
1481
1487
1489
1490
1491
1491
1492
1496
1501
1502
1503
1503
1505
1508
1512
1515
1517
1517
1518
1527
1527
1527
1527
1528
1532
1535
1540
1545
1545
1546
1546
1547
1549
1550
1551
1551
1552
1554
1556
1557
1557
1559
1561
1562
1568
1569
1570
1571
1572
1572
1574
1576
1576
1577
1577
1578
1578
1579
1580
1581
1583
1589
1590
1590
1590
1592
1595
1597
1600
1601
1602
1603
1604
1604
1610
1611
1613
1619
1620
1621
1623
1624
1625
1625
1626
1628
1629
1631
1632
1633
1634
1638
1639
1640
1641
1641
1645
1646
1649
1649
1649
1650
1651
1652
1652
1652
1653
1653
1653
1654
1656
1657
1658
1658
1658
1660
1660
1664
1665
1665
1668
1668
1670
1670
1671
1672
1675
1676
1677
1677
1678
1680
1681
1682
1684
1684
1685
1687
1688
1689
1693
1693
1693
1694
1695
1696
1697
1697
1699
1700
1701
1701
1703
1703
1704
1707
1713
1715
1716
1717
1717
1720
1723
1727
1730
1730
1730
1731
1732
1734
1736
1737
1738
1739
1739
1739
1740
1740
1741
1742
1742
1743
1744
1747
1750
1751
1752
1753
1758
1759
1759
1764
1765
1768
1768
1769
1770
1770
1772
1772
1775
1781
1784
1784
1787
1787
1787
1795
1795
1798
1805
1806
1807
1808
1808
1816
1816
1817
1817
1819
1821
1822
1826
1834
1836
1837
1844
1845
1847
1850
1850
1850
1852
1854
1857
1859
1859
1861
1863
1864
1866
1870
1870
1871
1876
1876
1877
1877
1880
1883
1884
1884
1884
1885
1890
1892
1893
1900
1903
1903
1903
1907
1907
1908
1911
1912
1920
1920
1928
1930
1933
1933
1934
1937
1939
1941
1946
1948
1949
1954
1956
1959
1961
1962
1965
1966
1966
1968
1971
1975
1977
1979
1979
1981
1983
1984
1985
1986
1988
1992
1995
2000
